lastAccountName: trungbmt
timestamps:
  login: 1528724219989
  lastteleport: 1528725442432
  logout: 1528725642526
ipAddress: 10.243.16.97
lastlocation:
  world: ASkyBlock
  x: -16.361189966158225
  y: 116.0
  z: 7.809633065219342
  yaw: 22.499207
  pitch: 30.299976
money: '0.0'
logoutlocation:
  world: world
  x: -16.980892310886162
  y: 65.0
  z: 12.175056250999582
  yaw: -118.951584
  pitch: 37.500057
