lastAccountName: TuanHai2
timestamps:
  login: 1528641790293
  logout: 1528641820314
ipAddress: 10.243.83.142
logoutlocation:
  world: world
  x: 1510.5632436263436
  y: 4.0
  z: -907.0526945061853
  yaw: -8.049162
  pitch: 35.6352
