lastAccountName: ShadowKyra
timestamps:
  login: 1528979382573
  lastteleport: 1528894089898
  logout: 1528986753513
ipAddress: 10.243.65.37
lastlocation:
  world: world
  x: -75.60260408564176
  y: 72.0
  z: 30.676459989318268
  yaw: -18.950409
  pitch: 13.1315975
money: '102.39933992'
logoutlocation:
  world: ASkyBlock
  x: -1.3584740015599208
  y: 116.0
  z: 513.3000000119209
  yaw: 180.76447
  pitch: 1.733328
