lastAccountName: lequanglam
timestamps:
  login: 1529066952703
  logout: 1529080035580
  lastteleport: 1529079742397
ipAddress: 10.243.6.220
lastlocation:
  world: world_nether
  x: -110.70169995766585
  y: 56.0
  z: -54.30000001192094
  yaw: -68.3425
  pitch: 19.976425
money: '0.04066008'
logoutlocation:
  world: world_nether
  x: -313.74811469000304
  y: 57.0
  z: -442.0264458182998
  yaw: -353.97046
  pitch: 24.305096
