lastAccountName: WaoTaiDz
timestamps:
  login: 1529067647380
  lastteleport: 1529063596344
  logout: 1529067664596
ipAddress: 10.243.214.10
lastlocation:
  world: ASkyBlock
  x: 511.15442879582594
  y: 116.0
  z: -1022.6482259987868
  yaw: 279.90234
  pitch: -55.650017
money: '181.0'
logoutlocation:
  world: ASkyBlock
  x: 508.2809961799158
  y: 116.0
  z: -1023.1520629395192
  yaw: 283.35208
  pitch: -40.950104
