lastAccountName: BoyJame
timestamps:
  login: 1529081402490
  logout: 1529083077763
  lastteleport: 1529081597799
ipAddress: 10.243.4.21
lastlocation:
  world: ASkyBlock
  x: -511.6381759871813
  y: 116.0
  z: -1023.382014238954
  yaw: -264.15057
  pitch: 89.549995
logoutlocation:
  world: ASkyBlock
  x: -3.2044730551777727
  y: 120.0
  z: -1024.7554625008452
  yaw: -19.500671
  pitch: 45.449722
money: '0.0'
