lastAccountName: hieu_plays
timestamps:
  login: 1529057660835
  logout: 1529066316221
  lastteleport: 1528729829414
ipAddress: 10.243.160.192
lastlocation:
  world: ASkyBlock
  x: 510.6758796383031
  y: 116.0
  z: 1022.1862220787086
  yaw: 209.59485
  pitch: 20.28302
money: '134.0'
logoutlocation:
  world: ASkyBlock
  x: 509.69999998807907
  y: 121.0
  z: 1030.285964899666
  yaw: -18.528936
  pitch: 25.004902
