lastAccountName: NobiPumpkin_VN
timestamps:
  login: 1529070132047
  lastteleport: 1529070402138
  logout: 1529074296769
ipAddress: 10.243.200.66
lastlocation:
  world: ASkyBlock
  x: 0.1376871592709953
  y: 120.0
  z: -509.47064045149546
  yaw: -117.96808
  pitch: 17.276012
money: '751.3'
logoutlocation:
  world: ASkyBlock
  x: 14.330484320156971
  y: 120.0
  z: -516.2313642448913
  yaw: -123.799866
  pitch: 19.428007
