lastAccountName: Mentixus
timestamps:
  login: 1528900334582
  logout: 1528900663230
ipAddress: 10.243.162.235
lastlocation:
  world: world
  x: -22.5
  y: 79.0
  z: 2.5
  yaw: 4.4950213
  pitch: 0.0
logoutlocation:
  world: world
  x: -15.454873154418134
  y: 68.5
  z: -0.971328212449372
  yaw: -189.44986
  pitch: 33.75005
money: '100.0'
