lastAccountName: zNightlord
timestamps:
  login: 1529057538342
  lastteleport: 1528870359065
  logout: 1529061195441
ipAddress: 10.243.86.47
lastlocation:
  world: ASkyBlock
  x: 2.30000001192093
  y: 116.0
  z: 1029.053104264797
  yaw: -34.65
  pitch: 27.45001
money: '156.65'
logoutlocation:
  world: ASkyBlock
  x: -0.3000000119209331
  y: 117.0
  z: 1027.4724729767327
  yaw: -89.411865
  pitch: 49.19989
