lastAccountName: Nesfan
timestamps:
  login: 1528900244765
  logout: 1528900274785
ipAddress: 10.243.162.235
lastlocation:
  world: world
  x: -15.5
  y: 65.0
  z: 11.5
  yaw: 4.555592
  pitch: 0.0
logoutlocation:
  world: world
  x: -13.46625266123082
  y: 73.0
  z: 3.0710942509236268
  yaw: 156.30011
  pitch: 29.699995
