lastAccountName: VinhGaming
timestamps:
  login: 1528720881688
  logout: 1528722136124
ipAddress: 10.243.155.196
lastlocation:
  world: world
  x: -4.5
  y: 67.0
  z: 6.5
  yaw: 6.208104
  pitch: 0.0
money: '0.0'
logoutlocation:
  world: ASkyBlock
  x: 1024.0492868385477
  y: 121.0
  z: 510.00038625444716
  yaw: -311.5464
  pitch: 1.5717452
