lastAccountName: Strongdavid7
timestamps:
  login: 1528904144600
  logout: 1528904165910
ipAddress: 10.243.239.92
logoutlocation:
  world: ASkyBlock
  x: 511.776430886116
  y: 121.0
  z: 512.3853315913389
  yaw: -149.6998
  pitch: 47.25
