lastAccountName: Yamicchi
timestamps:
  login: 1528723584056
  logout: 1528724177988
ipAddress: 10.243.179.213
lastlocation:
  world: world
  x: -20.5
  y: 83.0
  z: 3.5
  yaw: 0.15948153
  pitch: 0.0
money: '0.0'
logoutlocation:
  world: ASkyBlock
  x: 1025.055822577865
  y: 120.0
  z: 2.237500011920929
  yaw: -212.09993
  pitch: 34.49998
