lastAccountName: FatCat1122
timestamps:
  login: 1529081016519
  logout: 1529081023341
ipAddress: 10.243.4.21
lastlocation:
  world: world
  x: -23.5
  y: 77.0
  z: 2.5
  yaw: 4.8124194
  pitch: 0.0
logoutlocation:
  world: world
  x: -13.5
  y: 73.0
  z: 3.5
  yaw: 235.35013
  pitch: 90.0
