lastAccountName: DUYSONGLOI
timestamps:
  login: 1528643545648
  lastteleport: 1528641571939
  logout: 1528643854641
ipAddress: 10.243.69.249
money: '10.0'
lastlocation:
  world: ASkyBlock
  x: -512.0430158109008
  y: 118.0
  z: 513.3225830385454
  yaw: -157.91187
  pitch: 37.57835
logoutlocation:
  world: ASkyBlock
  x: -513.6290810968359
  y: 117.0
  z: 509.9944475627382
  yaw: -46.619373
  pitch: 23.697123
