lastAccountName: JT_ToWarsDz_
timestamps:
  login: 1529849358688
  logout: 1529852484891
  lastteleport: 1529080862088
ipAddress: 10.243.17.164
logoutlocation:
  world: ASkyBlock
  x: 528.2375000119209
  y: 121.0
  z: 7.972942406516105
  yaw: -219.55243
  pitch: 25.887836
money: '653.90'
lastlocation:
  world: ASkyBlock
  x: 526.9323710275719
  y: 120.8500000178814
  z: 11.712544301974033
  yaw: -189.87915
  pitch: 29.728575
