lastAccountName: JmanK390
timestamps:
  login: 1529083303295
  lastteleport: 1529060597843
  logout: 1529085719837
ipAddress: 10.243.39.33
lastlocation:
  world: ASkyBlock
  x: 1024.5
  y: 116.0
  z: 1024.5
  yaw: 0.0
  pitch: 0.0
money: '0.0'
logoutlocation:
  world: ASkyBlock
  x: 0.7395282483866491
  y: 120.5
  z: -1023.5514228362872
  yaw: -224.9979
  pitch: 15.450008
