lastAccountName: TuanHai
timestamps:
  login: 1529852284655
  lastteleport: 1529074194002
  logout: 1529852372396
ipAddress: 10.243.83.142
money: '26.36'
lastlocation:
  world: ASkyBlock
  x: -521.3667565070215
  y: 114.0
  z: -503.32310331981716
  yaw: 17.817616
  pitch: 74.342415
logoutlocation:
  world: ASkyBlock
  x: -511.30000001192093
  y: 113.0
  z: -509.3000000119208
  yaw: -228.09763
  pitch: 10.127998
