lastAccountName: Villager
timestamps:
  login: 1528871628094
  logout: 1528871657805
ipAddress: 10.243.86.47
lastlocation:
  world: world
  x: -4.5
  y: 84.0
  z: -2.5
  yaw: 3.6959026
  pitch: 0.0
logoutlocation:
  world: world
  x: -13.46625266123082
  y: 73.0
  z: 3.0710942509236268
  yaw: 184.5001
  pitch: 6.900054
