lastAccountName: Banbeucmas
timestamps:
  login: 1532062486704
  logout: 1532062491663
  lastteleport: 1532060901170
ipAddress: 59.153.237.187
logoutlocation:
  world: ASkyBlock
  x: -7.993286780100915
  y: 116.0
  z: -5.300000011920928
  yaw: -218.5495
  pitch: 11.400089
lastlocation:
  world: world
  x: -12.293560182994868
  y: 4.0
  z: 5.350550051230129
  yaw: 150.4501
  pitch: 31.200052
afk: false
money: '836.5'
