lastAccountName: Kannazuki_Arin
timestamps:
  login: 1529849013829
  lastteleport: 1529849001685
  logout: 1529851937997
ipAddress: 10.243.232.224
lastlocation:
  world: world_nether
  x: 15.283432210302585
  y: 128.0
  z: -10.5
  yaw: 191.01036
  pitch: 0.076291375
money: '876.5'
logoutlocation:
  world: ASkyBlock
  x: 22.664559474394828
  y: 119.875
  z: -498.30000001192093
  yaw: -359.79694
  pitch: 1.3755362
