spawns: 
  default: 
    world: world
    x: -13.643072337723773
    y: 73.0
    z: 3.5984008618538557
    yaw: 184.5001
    pitch: 6.900054
